1.857908201494065104e+00 -1.191196752866746644e+00 1.324251821127937667e+01
7.358086111697836884e-02 2.577481734383825440e+00 1.289536423642168295e+01
1.877644043943797136e+00 6.536599858499201332e-01 1.312446275429923759e+01
1.951350261428549615e+00 -3.076612308375985538e+00 1.334986737492278053e+01
2.218058624412837077e+00 1.304920347502296352e-01 1.330518683964088211e+01
4.925062224989447124e-01 2.377159199065904005e+00 1.334593777999952913e+01
2.818288063764815554e+00 8.878441016326714674e-01 1.268147308201898404e+01
3.066641213184825077e+00 -2.851866674330908680e+00 1.278320516898313386e+01
2.613454167240879755e+00 1.069353658276297914e+00 1.292204579122883068e+01
1.599370191080778270e+00 6.985423115633278002e-01 1.268398217401097128e+01
-1.056093269028203885e+00 1.722492841118050677e+00 1.316564974397308774e+01
2.668055718069872739e-01 1.506750275556453467e+00 1.301990941515142275e+01
-3.072935364869273211e+00 -6.322833531888627512e-01 1.285150649862676886e+01
3.234623175993718291e-01 -1.753800560908339135e+00 1.297089885839146639e+01
2.819600795501965074e+00 -3.558296880489999481e-01 1.315882345647375828e+01
-6.175890588598953457e-01 -1.174323510596139597e+00 1.331689361331696908e+01
-1.326296906009302834e+00 3.165900038866982236e-01 1.341656117285457306e+01
-2.806890591946497704e+00 2.942682181292577859e+00 1.298915140010061364e+01
2.654134531469947156e+00 -2.686263505540917862e+00 1.261262106213104595e+01
1.296660406999924575e+00 1.723962995952101451e+00 1.304937455362152576e+01
1.811011498507711259e+00 -1.813973866971489990e-01 1.324863096144707875e+01
-1.535748083626172322e+00 1.553227425423579611e+00 1.307456866595034839e+01
-4.138091800692245137e-01 -9.828588162259110916e-01 1.303579715465619770e+01
-8.499322646297020611e-01 -2.482855581781139520e+00 1.343172661119085021e+01
8.577189150719375377e-01 1.448766055244244733e+00 1.321861029891736727e+01
1.607481112991393069e+00 2.930306207344831826e+00 1.307797477743385350e+01
-1.480791665760712084e+00 -1.698841529377904225e+00 1.267421379933675318e+01
-1.657065020427718416e+00 2.950161242910279924e+00 1.264106717651881162e+01
2.285080100034281969e+00 -1.952406959110750462e+00 1.292813706737134538e+01
2.441180128739986799e+00 1.099796424359286817e+00 1.315022268157735752e+01
4.978667914097920644e-01 -1.038317957652744816e+00 1.327254257879197930e+01
2.138325648078307495e+00 -1.481850338172685300e+00 1.298196627828895799e+01
2.532353330799682389e+00 -2.215443111036032420e+00 1.329130401230200675e+01
-2.018441794716262727e+00 -8.837083360469089044e-01 1.346493972417920126e+01
-2.536178686812094796e+00 -6.008345744046650339e-01 1.311546029978980599e+01
-1.022126049983870466e+00 -4.504584151954116322e-02 1.263496260223015710e+01
-2.799555811387124393e-01 8.141676305588267937e-01 1.285836522544000182e+01
-2.883837269143664450e+00 1.669769924937947181e+00 1.336594030980714010e+01
9.492905148606327614e-01 1.029294426687441977e+00 1.268109785248088350e+01
7.029429147567927139e-01 -4.541293674031554595e-01 1.334923940625167305e+01
2.651064868297924093e+00 -9.058272230238353373e-01 1.313786991556824901e+01
3.083418759937427645e+00 -2.918870989596046073e+00 1.274143565226018815e+01
7.709588607373678570e-01 1.599864437170985809e-01 1.277612277576399613e+01
-3.038819922930941608e+00 -2.873797876234156501e+00 1.275575882757321367e+01
-2.409261510778990534e-01 -2.070345225769510300e+00 1.267611606839126637e+01
-2.894474303226611145e+00 1.259312353408788887e+00 1.309068211308944107e+01
2.286119419468206182e+00 1.538740153598448401e+00 1.290782419124120750e+01
-3.036905700635117444e+00 5.687039736357686337e-01 1.290006186857739934e+01
5.375910309929494701e-01 -4.518605721022814770e-01 1.309591302657801393e+01
-8.999349928889461836e-01 -5.711886352098169972e-01 1.293611166132968826e+01
1.146315018973727007e+00 2.015643119530921901e+00 1.273929770681421125e+01
8.845958083717819775e-01 5.782670164246224154e-01 1.276816022856688271e+01
-2.180607032081137930e+00 -1.984989714483816892e+00 1.328099356059506242e+01
3.456729706060857055e-01 -2.896431405181330909e+00 1.274544742547372955e+01
2.282401094648695228e+00 -1.444652986076184087e+00 1.279180558435684922e+01
-1.230210045468998592e+00 2.571808988332129786e+00 1.339934785865485978e+01
-8.037560236653509271e-01 -4.919921583364015305e-01 1.299063965549351707e+01
-1.667438639990077576e+00 -5.698920018859880976e-01 1.301954381319904996e+01
1.554444766689225155e+00 3.501101581632313220e-01 1.316747444044677628e+01
-3.290835256776007967e-01 1.083923050586544257e+00 1.280581284762063454e+01
-4.226991419739252187e-01 -1.726108662197768595e+00 1.286092889745607515e+01
-1.678951648262969165e+00 1.875223164969272993e-01 1.264267278862071286e+01
2.335963717414758278e+00 -1.416471518208533897e+00 1.302102395911645694e+01
2.594176084214648625e+00 6.606591542291280206e-01 1.303611678868426438e+01
2.059729513367636322e+00 1.307526967678507290e+00 1.313177234019094186e+01
2.245980141484984927e+00 1.670449097038144259e+00 1.347849013952262887e+01
-1.198914990737458330e+00 -2.828829774692763088e+00 1.318093743069871415e+01
-2.164492979378129789e-02 -2.375413889770666476e+00 1.271645098893724679e+01
-1.054597502169427159e+00 1.917492173861644389e+00 1.284709835014454526e+01
4.472394585871630746e-01 2.952132187290112952e+00 1.340211023145628921e+01
-2.672177867488652048e+00 3.073983847206962494e+00 1.294866950758420820e+01
1.947676044511217341e+00 2.968682389313117120e+00 1.333662556808593003e+01
-6.761915135132570143e-01 2.079117358299485296e+00 1.287027286960192463e+01
-1.595686230579202780e+00 1.916262414786285007e+00 1.319875162535790025e+01
-3.008357298813096659e+00 -2.822724084505789932e-01 1.340700365238759240e+01
1.136524478374692393e+00 -5.720646825118378409e-01 1.296195281790516596e+01
2.095280444105680040e+00 2.433208523414411850e-01 1.287035861515159496e+01
1.437296664208127517e-01 2.681136823936740576e-01 1.349907020862671381e+01
-4.535704964554336804e-01 1.740436047433122191e+00 1.307582642300539000e+01
-5.697416621522624069e-01 1.021013393514783374e+00 1.342063682402513614e+01
-1.407932697228198249e+00 1.560499325417967320e+00 1.343492491638384223e+01
3.002941505475131834e-01 -1.435187429171213447e+00 1.348578096777737656e+01
2.657181649508770782e+00 1.731545000557297875e+00 1.281132865972258905e+01
-1.276229464024699167e+00 -2.495710050415071990e+00 1.274635436108327724e+01
2.653844189409946708e+00 -6.905945872662551110e-01 1.328880595219296268e+01
8.775581814285491333e-01 4.272283550174900135e-01 1.264897335155845326e+01
-7.812512754254212766e-01 -2.352813895048569748e+00 1.311118817412943116e+01
-1.845402803278172188e+00 2.758883760936887697e+00 1.296936689119410424e+01
6.292158210624041459e-01 -1.888356203485179741e-01 1.335162822812635675e+01
1.204654376047503916e+00 1.281099003934677683e+00 1.345262638213071860e+01
-2.451403272115983967e+00 -5.677060301962244537e-02 1.302745487293680604e+01
2.731003913507541903e+00 -2.466352979779628196e+00 1.342598155791241510e+01
-1.827732056943251360e+00 -1.218519322056353271e+00 1.338509321615374681e+01
-2.130331235808489154e+00 -1.258232287471760857e+00 1.292945260701064569e+01
-2.841978070010381607e+00 -2.542777718507862161e+00 1.331600326514910471e+01
-1.776195345055327390e+00 -2.015488196135854615e+00 1.324220271377619085e+01
-2.065514775131100045e+00 1.631701280779885188e+00 1.292753899367805026e+01
9.785846554750987636e-01 -2.675685148879329400e+00 1.270962706715467583e+01
1.944550596309362334e+00 -1.711136312638503965e+00 1.335398347278133357e+01
-7.144729834206224872e-01 -2.937965739121294551e+00 1.287011371085230316e+01
-2.988342984177240425e+00 -1.879999396435608539e+00 1.324308741925332988e+01
2.786284645919888447e+00 3.133601763283483166e+00 1.265991767172158688e+01
2.208811432927729079e+00 1.835022052559020622e+00 1.309609928778169241e+01
-1.187095631542004703e+00 2.433029099138743767e+00 1.308492649081342307e+01
3.731694825806530780e-01 -9.115769992874258598e-01 1.339834526215032540e+01
-2.644313411808644876e+00 2.563718808995569809e+00 1.315995767646223769e+01
-2.613513168405776632e+00 -1.276236963490771981e+00 1.293617745776035832e+01
7.207743538766551161e-01 8.000496847509896980e-01 1.323469282381803502e+01
-8.587803015857815581e-01 -3.143042023515629779e-01 1.318293218577716708e+01
1.784518874240656139e+00 -2.198798887926797896e+00 1.273426796448204712e+01
7.619204661726404204e-01 -1.252240160700050620e+00 1.294525413543793313e+01
-1.339746662472822036e+00 -1.368384230716728878e+00 1.288526394024462896e+01
1.725274397154795913e+00 -2.888843127080292117e+00 1.323524901848938917e+01
5.712682267881796783e-01 -5.739275332179976097e-01 1.280690244947243173e+01
-3.556628013051086334e-01 2.581740585884459982e-01 1.277180061698608604e+01
8.889252301567065473e-01 -1.334803380864563183e+00 1.267393526093662892e+01
1.295412302643328850e+00 2.964848733401366232e-01 1.295901873225866119e+01
1.941628741426485227e+00 -8.402525960428768315e-01 1.326730324114161519e+01
-1.758887997222396082e+00 6.353681022474164664e-01 1.296839267348931024e+01
-2.887705900193659581e+00 -3.564202695517351138e-01 1.315930932943482468e+01
6.331874502403054272e-01 -4.293491744651238839e-01 1.314802254872621567e+01
7.506448223617074866e-01 -5.889879787523497612e-01 1.321660880925737658e+01
-4.302335262871634924e-01 -2.132985010433120721e+00 1.321393397908652645e+01
1.388302013243285060e+00 4.423628988449568311e-01 1.261085518333994315e+01
-1.402613816569640015e-01 6.851234973686808338e-01 1.285237795827180562e+01
-2.830731719975871030e+00 2.506436123310515462e+00 1.344604622096840885e+01
-2.413415431694057922e+00 -2.991260889170286319e-01 1.321781959117873484e+01
-2.116065053682909536e+00 -5.272846657644008062e-01 1.332528127347045555e+01
-1.861271444362305294e+00 -2.673492298952151902e+00 1.270900423107925370e+01
1.148545971610477778e+00 2.410426026630442919e+00 1.297740066827486949e+01
-3.211215051688034450e-01 3.037659058658831235e+00 1.272466102908378538e+01
3.114387952527033043e+00 2.913946938284612820e-01 1.282031942495088472e+01
-1.004094492185540588e+00 1.717310609471307536e+00 1.341942870435610935e+01
-9.127997179437703501e-01 -1.271161156938747316e+00 1.276831316933032490e+01
1.360187101591969316e+00 -3.098894694172018571e+00 1.265181892420267218e+01
-3.617395138230294904e-02 -1.865936851278535480e+00 1.264277760266152839e+01
2.161241852041940525e+00 7.139180325307092900e-02 1.266190348880764915e+01
1.879471171326839496e+00 8.007126896890426337e-02 1.267924081909193568e+01
-1.772622953195237550e-01 1.951745127823061310e+00 1.310417637087936527e+01
-2.999645719791669940e+00 -5.516365835781771310e-01 1.307026273031019059e+01
-1.356504301102864130e+00 2.110552109402018317e+00 1.291813854572248665e+01
-2.978578427306310950e+00 1.381933499092738771e+00 1.261657495847198973e+01
2.515109690019134980e-01 3.691030433131383681e-01 1.281824851570065782e+01
-2.046952083847203951e+00 -1.975331497376068945e+00 1.330740928722948091e+01
-2.607097538221732069e+00 1.979737355351159245e+00 1.300454435621012905e+01
9.065428833526478769e-01 -8.273995448911111161e-01 1.278103853223183073e+01
2.493217937132397033e+00 2.662685610667733016e+00 1.266862076138266779e+01
2.812595677070833133e+00 -9.782098771334513110e-01 1.299514015679208789e+01
5.363820310685292192e-01 -2.161490056375273472e+00 1.270319262650753167e+01
3.655129016460203495e-01 1.325285460913375069e+00 1.285741393235206687e+01
-1.814185833995183739e+00 -2.457166638080892085e-01 1.296321719002222927e+01
-2.470830557663485472e+00 -2.328259143355624339e+00 1.299078856566135443e+01
1.252547571684676342e+00 3.341016028593655207e-01 1.311946564651290714e+01
8.817756539487291434e-01 2.736369150117954341e+00 1.269469887429474397e+01
2.407984599326334241e+00 -1.018656674227261139e+00 1.297921306337812730e+01
3.534676518624926267e-01 -2.093639376177367950e+00 1.292195771131725301e+01
-9.370879015549076207e-01 7.716126919545818197e-01 1.273245785722837020e+01
1.675468079917992625e+00 -3.656113716551154802e-01 1.308460683067603014e+01
-1.015164191607536903e+00 1.621383885683548520e+00 1.271061600773416878e+01
8.592735211315183363e-02 -9.433200174399440918e-01 1.329771202122933715e+01
2.428975470419784344e+00 2.347245586390614314e+00 1.271996726157656177e+01
1.489635827922946021e+00 2.041015484011415637e+00 1.261593039508808900e+01
2.266054192153855062e+00 1.548437149620741415e+00 1.325400688844626096e+01
9.768153214769625947e-01 -2.796257620452160086e+00 1.277465592670604444e+01
-4.330457374171174934e-01 5.143491425192703304e-01 1.267060864416346533e+01
2.702417109915256077e-01 -1.811396665997540678e+00 1.316725403610281653e+01
1.662935074072271036e+00 2.162146737455703516e+00 1.314363142235275994e+01
-2.155163082359076832e+00 8.964694852112726764e-01 1.310994259360821879e+01
2.643385303339167436e-01 -5.833312706072439902e-01 1.340787383944775435e+01
-9.828362710869669172e-01 1.621553382074783833e+00 1.269992272189210958e+01
2.305567934319957324e+00 -1.520546925979694430e+00 1.303048563344645316e+01
-2.682128396165881945e+00 1.284339446548843355e-01 1.338159438080236185e+01
-9.065630926905643427e-01 -2.807803156409452328e+00 1.343788857739930087e+01
2.867199639358629426e+00 2.605271275952620869e+00 1.271271528532353834e+01
2.219992709227742722e-01 -1.678524701674178221e+00 1.315114481604252461e+01
-1.418345082976878002e+00 -1.252255937721320045e+00 1.260327107989204265e+01
-3.699469234280980956e-01 -2.986699765738534573e+00 1.347568651454897370e+01
-2.586262848929288261e-01 2.246437553859686354e+00 1.279802821333387897e+01
-2.530738133385940891e+00 -2.266532847336268031e+00 1.269382755202311408e+01
-1.546409175483163256e+00 2.236350189548445222e+00 1.330107556261845048e+01
-2.515368750014074450e+00 1.425707920659965211e+00 1.310785878267852134e+01
3.295663746379204895e-01 -3.107367946672538128e+00 1.303403519229573782e+01
4.169892816308253813e-01 -1.145553765762099552e-01 1.273692797047133318e+01
-2.847246917281011314e+00 5.936601876369200781e-01 1.284083300714982023e+01
2.128088583367977904e+00 -5.789840606785485733e-01 1.264906276269582186e+01
-2.461114357382572670e+00 1.893859112480249962e+00 1.342709980596165309e+01
-3.591445474566281604e-01 2.967392144380584185e+00 1.342902078852699255e+01
-8.232624731738424906e-01 1.034065332369348056e+00 1.336625249157088469e+01
1.258478617407599920e+00 -1.013737121570356781e+00 1.334839998198641098e+01
2.130393068898537301e+00 7.736984209107067301e-03 1.331340088533689681e+01
-9.633491716984932118e-01 -2.245843220856598599e+00 1.330583799414501378e+01
1.894649626449927737e+00 2.078406341448391537e+00 1.330054932959632197e+01
-2.473107868063267656e+00 -2.349209870039350001e+00 1.294173621474913105e+01
-2.522563173996241748e+00 -2.687819471877647359e+00 1.275452781228408305e+01
-1.498554358839796485e+00 -8.667457003744956090e-01 1.331075072637586842e+01
3.082059958209981687e+00 -8.105137218499161023e-01 1.341956726364945496e+01
-4.956206634581619141e-01 3.038588862437248572e+00 1.335769046858064613e+01
-2.859100590936822783e+00 8.894670600365923718e-01 1.325249120556962623e+01
5.762782906311647579e-02 -1.418157134641600869e+00 1.345505747306877176e+01
-2.626048680682538272e+00 -1.334166860440458180e+00 1.313866138131046135e+01
-9.805122454246735231e-01 1.889832479040700619e-01 1.293171785725423106e+01
-2.729957274710431925e+00 8.734451142826857861e-01 1.329516354962046343e+01
-2.188858138059976088e+00 -1.790611687898088666e+00 1.289850409399721087e+01
1.918837441127640986e-01 1.701688675152363217e+00 1.323432974857755084e+01
5.095014842868321736e-01 2.768568599495011107e+00 1.306347499214812125e+01
-1.219382716770651465e+00 -6.535193756011974386e-01 1.323158181513636578e+01
-1.400221924436877874e+00 9.344028728053288546e-01 1.324452156404779402e+01
2.890925962420361373e+00 1.201752471215412399e+00 1.342440641638156862e+01
2.232462322620176742e+00 -1.564057993944991676e+00 1.276476339463825127e+01
-2.085633768446646830e+00 1.728514416320539482e+00 1.297593757382762725e+01
1.238092928995348174e+00 -9.440214735415453084e-01 1.277954597308373152e+01
1.032743272857964634e+00 -5.858616079971672441e-01 1.342228775969181953e+01
-1.245227850852500318e+00 -7.113104921136939041e-01 1.276842560056273612e+01
2.132982372282040906e+00 -1.622528378809571015e+00 1.314441776728127742e+01
-2.564870810841912707e-01 2.574982836069713343e+00 1.280326693557649342e+01
-1.023507506020345570e+00 -1.196072282256747332e+00 1.277699287659972960e+01
2.066190249145837043e+00 2.251286626239576982e-01 1.337775292882365896e+01
2.372541453138500955e+00 -1.597772386012246359e+00 1.307864632053403930e+01
1.545872308159389696e+00 -1.351175704763051044e+00 1.265384288451030592e+01
-2.802523435169733901e+00 2.659076891739202253e+00 1.269208899804076296e+01
7.788961423433149456e-01 2.024486010160591931e+00 1.272166043219570497e+01
-3.769925465241961149e-01 2.454937231052629620e+00 1.326595568874720321e+01
1.908440632994824249e+00 2.530686831258300629e+00 1.327355730128585876e+01
2.338910548622710195e+00 2.124929652417408832e+00 1.285626116976549405e+01
-2.310881920977901682e+00 4.746364187502738474e-02 1.304821445159406146e+01
-1.232670697931910198e-01 -9.299212916905594817e-01 1.288078767628877053e+01
-2.875453372340115887e+00 -1.413855226568512258e-01 1.342296463898405356e+01
2.135659067749168472e+00 7.699335598767356181e-01 1.285431744545175725e+01
-2.883306753541328149e+00 -2.754424750859104876e+00 1.306288736144177243e+01
2.669966716596504419e+00 -2.447361636934252349e+00 1.306541447208726758e+01
2.747866996714710908e+00 2.001690197554362172e+00 1.300355154568129912e+01
3.182326574116300932e-02 -1.475656095322737116e-01 1.343904989496315849e+01
1.455005945109544285e-01 -2.982457956929422949e+00 1.292629232871827583e+01
-1.617571778483753109e+00 5.977956660857799420e-01 1.300190744679786192e+01
-1.497689942374243799e+00 -1.216597081372327027e+00 1.307232866967941654e+01
4.216069157338475648e-01 6.395046531353769659e-01 1.281823347570080252e+01
2.219839492718378438e+00 3.010625979829937293e-01 1.279619714115560924e+01
-1.430108167343081327e+00 -2.082108712250649418e+00 1.265086720052004843e+01
-3.959432483316698281e-01 2.936792561571530236e+00 1.308447192531853887e+01
2.001533140210355555e+00 1.860905739709061812e+00 1.321977932183943416e+01
2.271545414461733081e+00 -2.172473438523238265e+00 1.278333072490466904e+01
2.834471627215274125e+00 -1.883969279906780425e+00 1.271197633603707189e+01
-3.119379381010856100e+00 1.553514381843045022e+00 1.333260955246547397e+01
-1.718134057109431678e+00 7.160761627493497095e-01 1.325473853148848491e+01
-3.094093002206505627e+00 3.128905404497041687e+00 1.275635332555005341e+01
3.090676753645152708e+00 -2.788536689598610785e+00 1.278343579420913656e+01
-1.140782302578339458e+00 2.402919824130669291e-01 1.331877846521288333e+01
-1.647335854572604896e+00 -2.854318610923314292e+00 1.348783491908429788e+01
-2.233726371120555498e+00 2.067116269019614094e+00 1.327734159526010593e+01
-2.406606833722401806e+00 -1.878485869600009295e+00 1.269548366494530001e+01
-6.229900825420968680e-01 1.603297630855973210e+00 1.325646893868482934e+01
-1.203674915955388336e+00 2.952301107932166602e+00 1.329006120121490042e+01
1.418252138377038563e-01 -1.584350399030163281e-01 1.313317970658322587e+01
5.707772968904456512e-01 -1.822977012731365143e+00 1.270065762933789166e+01
-1.883867434846067113e-01 8.701875599181851939e-01 1.337961165367694427e+01
-2.896750025779605942e+00 -4.478663524809958218e-01 1.279660176678834738e+01
-3.647787142190495047e-03 1.114513033129336250e+00 1.325333330551867128e+01
1.686594396807890028e+00 -1.597806429778137138e+00 1.272261363242120957e+01
2.810344741953190173e-01 7.515603956109067063e-01 1.286966720000694764e+01
2.231142862510255398e+00 1.584269453189883770e-01 1.335243597714374530e+01
-2.706192166072849847e+00 -1.854172607492414526e+00 1.344133475494101049e+01
-2.551327115678382995e+00 1.574422600942672723e+00 1.302309413121695769e+01
-6.560808500996793136e-01 6.841990547909482245e-02 1.293538623165789758e+01
-2.985537065021476089e+00 1.824651674854399275e+00 1.272705104630882822e+01
-2.954384438478044661e+00 1.243217879166505391e+00 1.268840641778141176e+01
-1.534809536290609122e+00 -1.168081831846064622e+00 1.319121607968565435e+01
1.574058760598692430e+00 5.420548138134737570e-01 1.335596168369084680e+01
-1.546169736927796468e+00 2.045622316583661338e+00 1.317326508009040609e+01
2.923553244296519971e+00 2.289824787234555181e+00 1.271349516089900256e+01
-4.821333658831825630e-01 4.875621044732358911e-01 1.345361540445532178e+01
-1.990663635441359158e+00 -1.771322830282629601e+00 1.344059680967641590e+01
-2.050682494448354376e+00 -3.019573624443583348e-01 1.331177037503119820e+01
1.928934289995454243e+00 2.644638318682495104e-01 1.306083257328611325e+01
-7.979659317715523947e-01 -9.635446449113649336e-01 1.338248699596672431e+01
-2.178715853698741434e+00 -2.525690442546104642e-01 1.303535442972974501e+01
-1.794133959260452604e+00 2.237736326308343848e+00 1.308880179444003744e+01
2.301120967990533117e+00 2.270206054341288748e+00 1.270807793365434257e+01
-2.544783621772984450e+00 -2.820018042972238348e+00 1.310064946830942390e+01
-3.071969205135305359e-02 2.114229861053895654e-01 1.316527219712967067e+01
1.997772067240239480e+00 2.486664467331484829e+00 1.262295943636846118e+01
-1.151850003197474992e+00 2.308625488811322235e+00 1.287264166841448088e+01
1.624114645447349403e+00 -3.080199900158685278e+00 1.328208122909272504e+01
-2.067027355150107937e+00 -7.590373957251741466e-01 1.271093982774832121e+01
-2.175025007352852313e+00 -1.092130614851616333e+00 1.310759351772004067e+01
2.843199884772280583e+00 2.697455264591653190e+00 1.306202048315743447e+01
-1.806603662370390051e+00 2.363567712625440187e+00 1.282399302690415155e+01
-1.439915478552105998e+00 5.872091660593112827e-01 1.329610808785997200e+01
2.071223217545509421e+00 4.903505346481522587e-01 1.261416935110402449e+01
-2.182699603344700368e+00 2.558727806781939229e+00 1.272060762867740458e+01
2.823740411993953536e-01 2.299634020455957106e+00 1.313448982722061231e+01
2.328727646296732345e+00 1.057595179472158087e+00 1.339432694985436711e+01
-3.139310972174742975e+00 -5.224887669254618672e-01 1.299917372848520003e+01
2.393606550819217027e+00 -2.516774063360167624e+00 1.306285054136331425e+01
1.875641035271718771e+00 -6.835804633844628775e-01 1.317046867457737491e+01
1.701397778617389278e+00 2.300789346060241769e+00 1.293175725901819106e+01
1.360712936076464707e-01 -9.489316455386069826e-01 1.297729318002057930e+01
2.862422244061937349e-01 8.692310651717205516e-01 1.263129204016855311e+01
3.777499540820996593e-01 3.012027179439260571e+00 1.322077856250684036e+01
2.984041681711411265e+00 2.242538116860518294e+00 1.301458729952475402e+01
1.337996947824142246e+00 1.617403205927629095e+00 1.300145371473397127e+01
-2.035268791180605330e+00 2.008668710225647303e-01 1.326944565722124203e+01
-2.417857830386588081e+00 1.588843552150603244e+00 1.308131359581286723e+01
1.184453110057786418e+00 7.825249649219951920e-01 1.308493171858850346e+01
2.527006216989968301e+00 -1.767841323436611267e+00 1.283610011897137149e+01
1.928709840963698241e+00 1.262965725514111348e+00 1.301958681475339930e+01
-1.070210670190706814e+00 -1.813349152164549505e+00 1.340469616962934474e+01
2.221790135602248029e+00 6.187667665378353554e-01 1.342206843740691902e+01
8.681035726028474286e-02 -2.637987455778350920e+00 1.265999781684095105e+01
3.308378343746478656e-01 1.432068280580664599e+00 1.313320505227002677e+01
-9.709450355823179279e-01 7.439382493818089692e-01 1.269075793991970613e+01
2.588682992257828275e+00 2.273589013907963086e+00 1.332140506815995451e+01
-1.077459110705183409e+00 -1.968423012909038095e+00 1.272934528668416476e+01
-1.565903311365281381e+00 -9.061944476958161410e-01 1.309251204868636442e+01
-1.882560905470777257e+00 8.514259761881817212e-01 1.333819297151560868e+01
-1.201610423639601022e+00 -2.714589013266925477e+00 1.319976085344270267e+01
3.117182050003298066e+00 9.226229177493845413e-01 1.331579253066255930e+01
-2.254766589546295386e+00 2.206744855580862641e+00 1.320828697562794751e+01
-2.436717385885509568e+00 4.690797059314317785e-01 1.332689629155981059e+01
1.816556319248231688e+00 -3.102653045709996782e+00 1.344383882343245951e+01
8.179511740690736943e-01 1.008239170881379820e+00 1.340356686029264743e+01
-2.689981137451487037e+00 -1.177396798736725980e+00 1.283157102674609717e+01
2.743948561381110096e+00 2.777032743196960141e+00 1.306938436563234518e+01
1.548208897373978488e+00 4.319953509754341781e-01 1.262040806970014195e+01
-3.083553879071043724e+00 -5.630695924005095776e-01 1.335455750135777819e+01
2.522803765492075634e+00 -4.272476910307485554e-01 1.315483399639248496e+01
2.012800602484462686e+00 -2.260301080340064495e+00 1.266801540706481610e+01
-8.766226796486362716e-01 -2.079868737705276693e+00 1.314158656461881947e+01
2.435677720580464722e-02 1.985222776948253554e+00 1.335232815356458680e+01
-1.767419748740443719e+00 2.148901979442134902e+00 1.319721263783549148e+01
4.184166968206555204e-01 -6.209341016086140641e-01 1.268696518219192093e+01
3.102110357162159104e+00 -1.525182140433659184e+00 1.262126247696691550e+01
-1.603717116024585110e+00 -4.862646657544877904e-01 1.307097188085491979e+01
-7.246034111974277714e-01 -1.203443143736607546e+00 1.346455999630981282e+01
9.222877901005368528e-01 4.592634033640714541e-01 1.321646022513876773e+01
1.920846909764790666e+00 2.245463300945522711e+00 1.330250394455030261e+01
-2.318348460549083168e+00 1.733496161897932986e+00 1.291381570975048731e+01
2.507295862585483093e+00 8.489940772356310283e-01 1.320509669526961005e+01
1.745963687042353385e+00 -1.646337794853076186e+00 1.319745877871839213e+01
1.330426451318451164e+00 -1.378380227795878987e-01 1.291045704689290119e+01
1.646411066155627267e+00 1.953870448585767861e+00 1.344331252999073456e+01
1.251163656803973900e+00 -6.417303746616971338e-01 1.264927076943936868e+01
2.915016058789259290e-01 1.473539584830011684e+00 1.339138788576991423e+01
-1.712868270210634591e-01 -1.144655978362112858e+00 1.333165526654099686e+01
1.461433815050686924e+00 3.118521246744959896e+00 1.327431492910888622e+01
-2.094951973101518483e+00 7.280054876192298963e-02 1.303194213895818443e+01
-4.891769652393658241e-01 7.232988790931238476e-01 1.299515223577892087e+01
2.190185054960537947e+00 -2.498667482732530587e+00 1.346197651683226404e+01
-6.050307577966851369e-01 2.183870451585436356e+00 1.277825681739536456e+01
-3.097572757269763777e+00 -2.851456047010292316e+00 1.297899077106640497e+01
4.293291577645992341e-01 1.399448666123274343e+00 1.260101714319815258e+01
-1.940832881655586206e+00 -2.852861766251267639e+00 1.266381117926461286e+01
1.144301124606277753e+00 4.110013703347079606e-01 1.344118892131939624e+01
4.019426473654075238e-01 7.646143676887682261e-01 1.337817079973989642e+01
-2.078127693891810956e+00 2.952516224462137018e+00 1.281910228663145368e+01
-3.557573931193269701e-02 -1.723785269011978372e+00 1.296299832867228474e+01
-3.977610093174290817e-01 1.906285474496421273e+00 1.277859413948679723e+01
-7.362637454332849885e-01 8.658122727408477104e-01 1.300629237163938257e+01
-8.812423415208590072e-01 -1.119259100714588229e+00 1.312499828294807358e+01
-2.871280131383962431e+00 -1.766139391893404742e+00 1.267869479443115388e+01
-7.069127413184981279e-01 1.779137366096342099e+00 1.261709331988141969e+01
7.754003303050014395e-01 1.266977237749777885e+00 1.315166505827460774e+01
-5.547761168348830374e-01 6.491315738267511293e-02 1.343434083809103363e+01
-1.631384052193510126e+00 -8.865654450109876628e-01 1.301056109936129346e+01
-7.762311841025049119e-01 2.065492601644448811e+00 1.265328436028792858e+01
-6.795680056909780831e-01 1.834148153001802228e+00 1.339845724674842842e+01
1.762984401101225451e+00 3.545991117064222209e-01 1.341427389393611591e+01
3.062414677965373144e+00 1.032533179110258992e+00 1.349969793028470377e+01
1.301120936771454240e+00 2.480312382404695093e+00 1.313019618730793070e+01
-2.906645538683489960e+00 2.250002019767322281e+00 1.337509483439910873e+01
-8.716381598148656984e-01 -8.515771400530005586e-01 1.313857505785457924e+01
-4.986143384406922507e-01 1.933422280901186951e-02 1.279735596725808300e+01
1.969944089421059807e+00 -2.533999934562650047e+00 1.267991451627112198e+01
-2.045310905558917369e+00 8.046456262552403871e-01 1.318572533560887372e+01
1.409570441006400721e+00 -1.157692727931412424e+00 1.321618530747007547e+01
-3.412901664728682505e-01 1.740236071569143839e+00 1.260244008182578490e+01
1.953800788083412066e+00 -2.905009298356491243e-01 1.347347479051181018e+01
-1.259489714602660904e+00 2.153354197944215009e+00 1.306931351672663411e+01
2.411567740504228397e+00 -2.627729714911648529e+00 1.328330706446930698e+01
-9.956688740504482382e-01 1.523791709675375472e+00 1.263786734972523185e+01
1.179196743180287221e+00 -2.485317155171117509e+00 1.341718078514120549e+01
4.755116118441260475e-01 -7.948971748360258438e-01 1.346454578282340009e+01
2.229299928400496178e+00 2.213282452415398005e+00 1.335255719985566891e+01
-3.096981858117824338e-01 -2.999266575912646449e+00 1.299661142232653432e+01
-2.526339173677619065e+00 2.449697294280472448e+00 1.314860780589880562e+01
-6.518388354297726117e-01 -2.160989652585600940e+00 1.305696963411994282e+01
2.166400256608996600e+00 7.686813495837667709e-01 1.303002463348408746e+01
2.872845710181112011e+00 3.563159589489548473e-01 1.333813020992184484e+01
-1.948460624933734398e+00 1.333692816315618757e+00 1.290598308311500197e+01
-6.013248627450114014e-01 7.235398904830159239e-03 1.287826894079250373e+01
-4.376739552990223103e-01 -1.301279612600119151e+00 1.308729877461018098e+01
2.050007380674434998e+00 -1.780592477452012323e+00 1.333556334351827388e+01
2.370930771199186715e+00 -1.429479735614860969e+00 1.307882642672013951e+01
-3.387709469950008767e-01 -8.165658667880202337e-01 1.265893503523974495e+01
-1.232319287673648622e+00 -2.834462746449739612e-02 1.273491203156581619e+01
1.516138344521998249e+00 1.657801928231754651e-01 1.264083895603776675e+01
-1.170204408081612080e-01 -8.040799673081138188e-01 1.292838185291370223e+01
3.042521602394582025e+00 1.494370379635681978e+00 1.284974255546005217e+01
4.394908043569674128e-01 -2.266047395241214346e+00 1.320610963485711231e+01
-4.792422121981112504e-01 1.649691255736160045e+00 1.279925774778459235e+01
2.811875244719384881e+00 -1.710792271742812121e+00 1.269344811811121154e+01
-1.031802297789958356e+00 -3.674184571644545372e-02 1.309161982684142167e+01
1.270599753452610337e-01 -7.561108743226743201e-01 1.318122763457684954e+01
-1.764489658149215989e+00 -1.971148096069074596e+00 1.311784444410880468e+01
1.791476674297294736e+00 2.965496026491996062e-01 1.309489848695318948e+01
-1.369584628533902393e+00 -2.638312636664514876e+00 1.296791498974636880e+01
-1.937829856800596051e+00 -2.933496078757506176e+00 1.335970836216856128e+01
-2.368544423040532809e+00 -2.436567110735433417e+00 1.346695644822194282e+01
-4.498518649741920505e-01 -2.043609086229655869e+00 1.345433146874365704e+01
3.063872647319916709e+00 1.989892925562084081e+00 1.286023745138785657e+01
1.276593165720572465e+00 -1.492239018518476179e+00 1.304834341090827898e+01
8.194613414628237891e-02 2.469843898844757746e+00 1.293323688336502642e+01
-2.510686528395890349e+00 -7.532310122858634216e-01 1.341281624256900251e+01
-2.243148989313050734e-01 2.898273818983960304e+00 1.289238393349169698e+01
-5.181090705566853138e-01 -9.275726885095552099e-01 1.269924653182400753e+01
-1.317726443957669247e+00 3.966449633550914733e-01 1.317293985091005126e+01
-1.876335916925539582e+00 -1.590555999013057553e+00 1.282496205388503263e+01
-1.037324410302712607e+00 -1.795238070629866511e+00 1.344641547000708215e+01
2.500719370141589515e+00 1.907336567299245722e+00 1.341409281718981461e+01
-1.902273065866360247e+00 1.133882036208637700e+00 1.339769055897244066e+01
1.641768324616914576e+00 3.115311332907318764e+00 1.285111706025089084e+01
2.210202760309977421e+00 2.597809111244874458e+00 1.319318486320465311e+01
1.748293673486108091e+00 -2.137590147746264435e-01 1.318998240837471414e+01
-2.510640922559651766e+00 -2.974545576113396095e+00 1.317853694432750267e+01
1.211581664036885719e+00 1.821977269224641205e+00 1.328980848839537465e+01
9.559289942341084867e-01 -2.468556589622472153e+00 1.333152441055347737e+01
4.950715809203978246e-01 9.584665497666025047e-01 1.279753682833277217e+01
2.783777091055434028e+00 -1.572375368863203615e+00 1.260486514676772174e+01
-1.981368606666421561e+00 2.198499610143079153e+00 1.280604656090354254e+01
5.196570143532253105e-01 1.396357262659036813e+00 1.346599954810037580e+01
-1.507652349351692678e+00 -9.802156925267659915e-01 1.272597678313207759e+01
1.242089318127914233e+00 1.137873952662951105e+00 1.314241544999356748e+01
2.683859999936686336e+00 2.779430609409767605e+00 1.286965044849423911e+01
-3.829817365747656410e-02 -1.956493637057410417e-01 1.263382376719091127e+01
3.558128438429264406e-02 1.185852394306509794e+00 1.300173869401750615e+01
1.946043121691239719e+00 2.476017966447527918e+00 1.284611721488205482e+01
-2.031000092707430316e+00 -2.084817329956693222e+00 1.263426857755399801e+01
1.816459962393982330e+00 2.964429912932865285e+00 1.278137393892231799e+01
-5.404749521130542966e-01 1.941273295233405527e-01 1.300403204674637792e+01
1.606322062388474414e+00 -1.309625068782859669e+00 1.342115951148443642e+01
-9.892088781509764672e-01 7.929088888790860601e-01 1.329713278540398491e+01
1.254581087616866597e+00 2.664762596156384333e+00 1.323451290977511086e+01
-1.948941857913296216e+00 -1.755181565306004332e+00 1.321252478607794067e+01
-1.467891060922958291e+00 -1.388006299683328892e+00 1.290134797157709379e+01
1.640242846324158066e+00 -1.251639768532326613e-01 1.331353060255259280e+01
1.170210432431090908e+00 -2.842871337889060435e+00 1.325253843283286947e+01
1.544853383388977264e+00 6.738945706497849741e-01 1.306884518584100974e+01
1.091819605043740538e+00 -3.028822992466646546e-01 1.341529963560835270e+01
2.714210696614703267e+00 2.764193798410084391e+00 1.323286284573902982e+01
-2.016633090920166183e+00 -6.527060659158734346e-01 1.345590686301296124e+01
-2.427318266939540337e+00 9.127289361772117360e-01 1.268783808833758719e+01
-2.733197939971003798e-01 1.184487012946951801e+00 1.271710196437435592e+01
2.387471208918972465e+00 1.072040425616670234e+00 1.261717748376062431e+01
2.317488755986810922e+00 -8.643441042082766756e-01 1.293486101888600359e+01
-3.102485797084322705e+00 2.818984480448000873e+00 1.306810608556669173e+01
1.996743140975619113e+00 2.893454459300698112e+00 1.322806104384442349e+01
-2.902623307375174377e+00 3.095715501450134077e+00 1.270086981867835263e+01
-2.416950365277215518e+00 2.013779224168049886e+00 1.349369184408284283e+01
1.686631211716605350e+00 1.422661498199834007e+00 1.283806634566415106e+01
1.517268245090972911e+00 2.932429792235934585e+00 1.296773330414565706e+01
-1.258022754363241402e+00 -5.228255354040980407e-01 1.311784427200008807e+01
-9.979660300207955359e-01 2.486892820034356077e+00 1.301957289585172184e+01
2.806617093967664900e+00 2.251981441391771810e+00 1.337699544589583489e+01
1.897299292656314584e+00 1.534424108848087442e+00 1.321331771692300450e+01
2.066177758167323297e+00 -2.160299460057005128e+00 1.347790003771013900e+01
1.575790578778867079e+00 2.361896858646976405e+00 1.341507558013922363e+01
2.254014163127885162e+00 2.638919939850398855e+00 1.343244773272424197e+01
-2.642302340471188948e+00 -9.493949449935312757e-01 1.291244188193816633e+01
-2.628305741726318701e+00 2.493745989631328541e+00 1.326058492612123807e+01
-1.349516647880479203e+00 1.890649788673851361e+00 1.336583196386789218e+01
2.780209066972862963e+00 -2.309755083239317663e+00 1.320451284627349686e+01
-9.989425627090939841e-01 -2.710685547658427730e+00 1.310840887424287438e+01
2.006921182647708690e+00 2.229168642466117234e+00 1.327303669914606665e+01
-1.714150556950443827e+00 2.312844776588038442e+00 1.331990433031728038e+01
1.265692329252376958e-01 -1.112619271845639357e+00 1.346057727613893995e+01
-9.643696054567185705e-01 -2.166891805043320574e-01 1.300048288129869078e+01
-1.115482598567698158e+00 8.932465894819401342e-01 1.308934659998895533e+01
4.109262939868978393e-01 4.932744500203987137e-01 1.343630755862131032e+01
2.579802080975195366e-01 1.109619068124814589e+00 1.279031689983510134e+01
3.021894316597939500e+00 -3.640481210832677839e-01 1.313879512333556931e+01
1.026180835225008359e+00 -2.967716154942833917e+00 1.291686795384978126e+01
1.646234617386782340e+00 -1.394581533910020710e+00 1.337606344946571824e+01
2.219886946697509522e+00 9.550517017037458700e-01 1.314869787140650281e+01
-2.728244478319211019e+00 -2.702802795571007000e+00 1.301878357365260896e+01
-2.707916505609602176e-01 2.655055861890588176e+00 1.340034871197046229e+01
8.747850279879214597e-01 3.205211727240873110e-01 1.306201291406854637e+01
-1.179025853463195439e+00 1.933358643298725532e+00 1.321130073693620943e+01
1.293991906569491590e+00 -3.620686353703730376e-01 1.339732325611518071e+01
2.187688707981173764e+00 1.870956194134135941e+00 1.343599360817183808e+01
-2.689226633178805947e+00 -9.854550342766557058e-01 1.311872707983014585e+01
-8.685534741253118085e-01 1.998992559846185735e+00 1.337110518663325109e+01
1.718907871003579224e+00 -2.675076735195517585e+00 1.291004956640053614e+01
2.739337015349709858e+00 2.265883065461910206e+00 1.271454300619262234e+01
-2.855607300164861417e+00 -2.698779410736687367e+00 1.310021968463711950e+01
-1.477510840880291942e+00 -3.083738801164034982e+00 1.341007396977604849e+01
-1.138245784394885884e+00 -6.501434952418554403e-01 1.333589943242378340e+01
6.878786591929211269e-01 -4.111461281316870497e-01 1.263827886764017805e+01
2.431480625524629069e+00 -1.441347034102810509e+00 1.314575629285175040e+01
-2.415241143061317874e+00 2.631773636563932151e-01 1.336613152726335230e+01
-1.420361599846386769e+00 1.455513173593920406e+00 1.314944096560029507e+01
-1.500523718358897085e-01 8.733679513910104220e-01 1.329152537784933230e+01
-9.624392528872007802e-01 -1.065569384147039056e+00 1.321065808643196604e+01
-2.448138933588187349e+00 -1.681139509650204644e-01 1.298901011214086409e+01
1.730081007650822400e+00 7.033907324316133192e-01 1.279987445851960537e+01
-6.215943696614494307e-01 2.513660562343627447e+00 1.302575794231665540e+01
-2.951319315811887556e+00 1.031661852738023910e+00 1.328891504490225017e+01
4.205854721796886686e-01 1.234964460768244621e+00 1.271638089654238968e+01
1.241219738684047336e-01 2.221139932087143443e+00 1.323058223348069617e+01
3.759976282530708147e-02 7.429763326991078998e-02 1.303343480279793098e+01
9.047198038809645126e-01 2.537373331156241640e+00 1.348674141057003872e+01
3.013057890780717507e+00 -6.030217320256636704e-01 1.336358410597861557e+01
1.987950877109254222e+00 -2.544133984274861149e+00 1.327900476194140467e+01
2.127365603329025134e+00 -2.204834807048851708e+00 1.343346716639019967e+01
-1.458118989044042690e+00 1.983584274400932657e+00 1.311714181510705224e+01
-3.030306614617698902e+00 -8.659664558890041164e-01 1.316807159020517304e+01
-1.851749306618065027e+00 -6.592801894023718745e-01 1.286386949568885818e+01
1.248380223785987120e+00 -2.476787895261041150e+00 1.283889293980337420e+01
-2.134152360319597985e+00 -9.998255299436316079e-01 1.308311939834453064e+01
8.739767508869622503e-01 7.348585462819485770e-01 1.342754232435728845e+01
-1.299721481633181908e+00 2.530158949239490696e+00 1.269916835388807463e+01
-1.247352454725034532e+00 1.923425759388458722e+00 1.333074731389451451e+01
2.662417561277204747e+00 -2.297250221464152808e+00 1.316441144220718762e+01
1.813972530769296654e-01 2.904629209324396832e+00 1.300556551263998450e+01
2.861381822063374436e+00 1.302676903343580328e+00 1.314869295883272038e+01
-1.456282990077185202e+00 -1.886850805696497435e+00 1.297718676989903130e+01
1.201905119201060579e+00 -1.490867734908954523e+00 1.315046355966838298e+01
1.646602558037664643e+00 1.437827701092727395e+00 1.315165856497799268e+01
1.913239528713720716e+00 1.007399321337025810e+00 1.295247606542370278e+01
2.980631472515395508e+00 1.546659298564203588e+00 1.288163032681923781e+01
-2.260692984628253743e+00 2.249783160058891340e+00 1.291591115737147710e+01
-1.847527586863939364e+00 6.160315973758399011e-01 1.273277025369281823e+01
-5.724099796854265065e-01 -2.749423330860516934e+00 1.305113553097907086e+01
-2.778483820652296821e+00 3.010689028573563242e+00 1.266568662829862646e+01
-9.003750406569479559e-01 -1.838849540085700118e+00 1.297487098985509846e+01
-2.065986788942852925e+00 -2.794421871082620967e+00 1.319330860801884420e+01
-1.562353121074670170e+00 -1.893232130285675829e-01 1.303426050540435632e+01
-7.984533881200635008e-01 2.049140990360424297e+00 1.300850254380922522e+01
-9.094708923039149795e-01 1.892144721175163191e+00 1.331045463523188310e+01
1.580937348469938719e+00 2.106453038699282132e+00 1.328308133483180242e+01
1.868213079164918078e+00 6.343641149948187064e-01 1.313483861810157549e+01
-1.319827150870260368e+00 6.563520363397037372e-01 1.311618007888321458e+01
1.065532253899577952e+00 -2.424035735572581896e+00 1.286665966438828157e+01
-1.434678578414899430e+00 -1.683087999428342085e+00 1.316508035361802875e+01
-1.954435901906879325e+00 -1.477063007890984769e+00 1.324495577611349262e+01
-2.099722569990372989e+00 -2.769221758566580149e+00 1.297466689008578733e+01
-1.818879002110628029e+00 -2.658235746360124274e+00 1.301493243029519320e+01
8.741788619374482039e-01 7.385645507747802263e-01 1.349594799583279148e+01
-2.840524461719854621e+00 8.945517346755416099e-01 1.322033068552113377e+01
1.365000367521932212e+00 1.968754767197694378e+00 1.311266544336205442e+01
2.227183538611274827e+00 -2.230316335385521320e+00 1.269563084491868565e+01
-1.696662111390131011e+00 2.776724839105827236e+00 1.320706880725582444e+01
2.371919845336706523e+00 -2.965539988665955029e-01 1.270921717791748584e+01
1.477236733659569090e+00 2.011822358759557616e+00 1.318812968844645539e+01
1.021433055432551029e+00 -2.796316426435220048e+00 1.314131547771997255e+01
-3.440757951202328968e-01 2.895763963483056536e+00 1.321655338737404861e+01
-2.410678507834587148e+00 1.715147850375029925e+00 1.314039501383834008e+01
2.186405949003585647e+00 1.628215516647464334e+00 1.292228054915374713e+01
2.939491883867517252e+00 -8.308864438658591922e-02 1.340175032979149350e+01
-2.313670904174152998e+00 -6.729561677612840853e-01 1.267111028938552764e+01
4.785928493636211201e-01 2.853072350678053759e+00 1.330883627396787716e+01
2.108264491891888248e+00 1.235076882013942168e+00 1.318724378565548605e+01
8.971486487603650417e-01 8.000021015423985915e-02 1.284148248162467709e+01
-8.788899775360285993e-01 -1.044239347644310811e+00 1.314865249708098460e+01
3.036654319073691433e+00 8.722201952510619805e-01 1.280902364541944571e+01
1.394713503857066605e+00 -3.072454493836680012e+00 1.348064199477697933e+01
2.468798092559771895e+00 -3.988574191038782857e-01 1.338437429689992797e+01
-1.734881536203339847e+00 1.837640373534211058e+00 1.285084706923811915e+01
1.548114353654561626e-02 -1.581609676194091207e-01 1.308305807429171530e+01
2.297101214812897751e-01 2.461127618519745930e+00 1.293411687023132473e+01
-2.336081095635400118e+00 1.536260192023290116e+00 1.346103880565209643e+01
1.976867488064391942e+00 -8.148708271845781503e-01 1.318738622520572967e+01
1.964229200702705569e+00 -9.972149918739572350e-01 1.293774456067476386e+01
-1.803765755943205651e+00 -2.638059488537643826e+00 1.313391045398416068e+01
5.105551735243789579e-01 2.612418872783451640e+00 1.266703684316025402e+01
-8.785864129004536949e-01 6.307543132498314442e-01 1.317105716111078095e+01
-1.035323501013542646e+00 -4.226314875444145969e-01 1.308869059552664105e+01
2.152014713323548989e-01 1.714366130615703199e+00 1.271098882703335597e+01
3.402172410498516264e-01 -1.705841549220191711e+00 1.340188324045445256e+01
-1.259485738284243928e+00 -6.843279698134518974e-01 1.305301705265860690e+01
-2.100622240686088382e+00 2.107796266040285360e+00 1.299657089924417441e+01
-6.115152804075409954e-01 2.446490819414890439e+00 1.337173603799791266e+01
9.870181465618887984e-01 2.188436638113858024e+00 1.322119326376838266e+01
-2.407003895993146791e+00 2.667668188714812594e+00 1.262051979105271826e+01
3.736096988537189745e-01 1.306620439398562539e-01 1.277612920166781407e+01
9.533551014618000252e-01 -1.635772002995141028e+00 1.315698277696699847e+01
2.668372353797509255e+00 -1.721178517660272522e+00 1.332424421464899389e+01
1.446660916090884541e+00 1.743908580877446823e+00 1.304679913655955481e+01
-4.742791842203808450e-01 -5.425581261494554219e-01 1.342870827072099793e+01
-3.758777546319733709e-01 -2.071769277724841096e+00 1.277261861383901831e+01
-1.423163122911154099e+00 -2.807760987612497594e+00 1.310324030317352850e+01
9.186805757856149057e-01 -1.758460600454395895e+00 1.321050334563492790e+01
-2.830343474347065680e+00 1.992902190119556494e+00 1.336259484472910763e+01
-2.441627076213598979e+00 2.644476980201417859e+00 1.286026586868965538e+01
-1.174818634136947759e+00 6.824237363915801602e-01 1.307884282531025733e+01
-2.506258950547909148e+00 4.554839936478578544e-01 1.315695159086645027e+01
-2.602826025568103940e+00 2.311076960889744569e+00 1.340471399492871285e+01
-2.333227347861935641e+00 -2.981865910420386623e+00 1.301333353994331254e+01
1.151166032953878648e+00 8.289853067889523253e-01 1.319471250138573737e+01
-2.004583423235783979e+00 -1.409971375948377403e+00 1.319542837328045870e+01
1.378425841824649112e+00 2.584932593191360262e+00 1.326046163496395280e+01
-2.477932898545503804e+00 -2.799030366704513995e+00 1.336503006863166299e+01
-8.231732788478995921e-01 -2.769647717106573204e+00 1.266563977788574569e+01
-2.399558520486424928e+00 -8.379221010029813677e-01 1.292870405949446422e+01
1.876864981685151257e+00 1.973627267834261012e+00 1.335099928596312679e+01
7.052469591870411669e-01 -1.580968390495232079e-01 1.310507337814860485e+01
-1.270600438709856839e-01 6.400198219245987197e-01 1.301770593667080078e+01
3.986358092799471287e-01 -2.651376177876161311e+00 1.313200446123727794e+01
-2.980599198801430205e+00 8.590515607014825861e-01 1.338076219697659219e+01
2.119536960000177217e+00 -2.725379571798936418e+00 1.289716465914721688e+01
-1.710933696397980652e+00 -1.507854352321835734e-02 1.349221656166563221e+01
-1.281408361472127666e+00 -2.859721879780769527e+00 1.306054595723033707e+01
-4.270589399990232238e-01 1.367051155264191742e+00 1.342933800056566795e+01
-2.780247702850618730e+00 -2.487771715396768002e+00 1.310417666323770547e+01
-2.200383683957401360e+00 -1.343549042893297463e+00 1.325187957198174971e+01
1.287208642949819293e+00 -1.106798681986422395e+00 1.276785228327851307e+01
2.697228212878103548e+00 -1.950405867874134946e+00 1.333403577156258280e+01
-1.873143397128663734e+00 -3.120162483994331382e+00 1.310486643491914727e+01
-1.973339714042666504e+00 -3.548922032038324126e-01 1.260798267977246745e+01
2.348159955695908074e+00 2.232273772756835584e+00 1.335365839032027324e+01
2.691530529755404189e+00 -1.654194091311305792e+00 1.341366038118264825e+01
2.500162580716578375e-01 -2.061910406172577481e+00 1.275807326119871909e+01
1.163429100455304344e+00 -6.220594372872070288e-01 1.265551127152621547e+01
1.125180980220217286e+00 -1.152545181983412714e+00 1.349508863469342224e+01
-1.736549068664446249e+00 -2.719289690985585484e+00 1.310127149269173330e+01
2.951652507866253217e+00 2.663404307558288941e+00 1.318957680521206477e+01
1.014926650270045805e+00 2.617512691480813558e+00 1.283241313196739775e+01
2.961510504345247874e+00 7.214101717054970386e-01 1.263356715948966880e+01
1.411802499378870479e+00 2.673582841993441761e+00 1.287150701284538279e+01
-1.027840491683733593e+00 -2.946589350350702574e+00 1.340426960563263314e+01
-3.101383086596787297e+00 3.978083415233979458e-01 1.310656705086044660e+01
1.790576873851614792e-01 -6.546504713179732704e-01 1.304374289151129673e+01
1.385649356140405075e+00 2.714365526196095502e+00 1.348311602619762262e+01
1.631917469812198540e+00 -1.480178478016361376e+00 1.291030728620838275e+01
-2.213538354510760087e-01 -3.962723170968778241e-01 1.298574257378931129e+01
2.877433869064252470e+00 2.398961897127297682e+00 1.296597348693900820e+01
-1.420332178005746515e+00 2.168575786088045021e+00 1.260338906658856750e+01
1.066788468980166549e+00 -2.544530292767742452e+00 1.315770775655638580e+01
1.466058001846401559e+00 -3.100991222123016922e+00 1.333832790532775903e+01
-1.168348755717836251e+00 1.677840579662162490e+00 1.270766948363052684e+01
-3.136159195214922146e+00 -2.094546579995693492e+00 1.309836823817220264e+01
1.438129657271890238e+00 2.864136658079695863e+00 1.340049279580731856e+01
1.370414217034410242e-01 -2.747433697104719741e+00 1.332820509036353229e+01
1.879739811360717106e+00 5.191422333412099022e-02 1.270997398321217631e+01
-2.957745608033267359e+00 7.454525823590327782e-01 1.323835429161274391e+01
2.376296573820776636e+00 -1.685532535062081338e+00 1.266057295605005883e+01
-2.014963510798963853e-01 -1.771819964861214958e+00 1.299765034100515493e+01
-1.232234012055795525e+00 2.795251839014047057e+00 1.281579916421219245e+01
6.396161788138097215e-01 -2.252521457273699568e+00 1.302780205954348780e+01
-2.422721107567353815e+00 -4.985335650341555791e-01 1.286941068978636693e+01
1.833288242137568247e+00 -1.060119592234586516e+00 1.294741659220196972e+01
1.474331390611411052e+00 -2.395296896777486140e+00 1.347566187531551662e+01
1.900081310228848963e+00 -9.553529904216913060e-01 1.328854507320501632e+01
3.123201691768393573e+00 1.903565495262700580e+00 1.291247274898413444e+01
2.367206623468135263e+00 2.758249065783150655e+00 1.298789380764018020e+01
2.240035165681788065e+00 2.148667381378042585e+00 1.327428207506480184e+01
5.680492333364779434e-01 2.501970193927246733e+00 1.302133428307626062e+01
-2.671968004390246954e+00 -2.851356148206731334e+00 1.288691218227771529e+01
3.718523656885497353e-01 -3.115303641038319693e+00 1.280066836980171807e+01
2.092326107977969585e+00 1.861016979653126846e+00 1.288287292251094485e+01
-1.780839306822193047e+00 1.107917559379090200e-01 1.260241627366324302e+01
2.951034353689399481e+00 2.508537763230903828e+00 1.301929719010782271e+01
2.076584884998553981e+00 -1.817738763748336428e+00 1.338397209650167419e+01
-1.435247570938491091e+00 2.279691296981364523e+00 1.325827038459279095e+01
-1.210116007763592849e+00 9.258576812744472306e-01 1.334136233682053074e+01
1.124453088543124757e+00 2.780035072670854923e+00 1.332036462071701521e+01
-2.068929267173126085e+00 -2.919371299153827870e+00 1.348641142766618195e+01
-2.154753989821549087e+00 -2.072797077251175235e+00 1.309671223312841448e+01
9.619205851920682449e-01 -4.738140034589153338e-01 1.337843528770654444e+01
-3.169050025793698211e-01 2.000504423971073642e+00 1.316324077391110947e+01
2.401953968969965381e+00 5.868680910220338554e-01 1.276872956846533924e+01
9.440300946185562481e-01 1.385837719022175563e+00 1.314727371638520736e+01
-2.548249663875561843e+00 -3.008865992822341795e+00 1.268651614203192146e+01
1.120567716457168572e+00 5.048077037470362072e-01 1.307605699668660826e+01
5.653005229174477009e-01 7.764779220809572280e-01 1.328595374683336772e+01
2.651128848543301331e+00 -2.611230289159767182e+00 1.345865526321412631e+01
-2.454422154564702030e+00 1.848377630166845975e+00 1.304489906930711030e+01
-2.936004056219103653e+00 3.010448402698122194e+00 1.321541199739823291e+01
8.568686349506111632e-01 -6.404182005446159565e-01 1.298937509220217201e+01
6.308180577092237229e-02 -2.257672849978193064e+00 1.316276907017843811e+01
1.188410501731111957e-01 -1.939237640114818362e+00 1.276534270962242523e+01
-2.398229350932554738e+00 3.012672153138674425e+00 1.279839244433777168e+01
1.745157805226606129e+00 -2.528904729418746111e+00 1.342226765903628483e+01
2.500819394104070170e-02 -2.247639163084835801e-02 1.313289980240888788e+01
2.764654325040889482e+00 9.337077431756561907e-01 1.336080398522751977e+01
1.693509959209933413e+00 -4.040227681416501682e-01 1.289487323662131679e+01
4.463053793804894198e-01 -2.746724431091230656e+00 1.288515344227307047e+01
-1.805790841813490255e+00 -1.945144683245568773e+00 1.340499074927094725e+01
-4.193892446053837375e-04 4.636974998312988205e-01 1.294582089574672956e+01
-1.920899375665265252e+00 1.704685467030201629e+00 1.344578107644350595e+01
1.399170482411326688e+00 -1.027311181134278328e-01 1.293247104949428028e+01
2.781116299457648822e+00 5.351921313412866255e-02 1.311710731944732622e+01
5.387083985822798127e-01 1.410662677626516981e+00 1.261618621289258968e+01
3.013225185454014188e+00 -2.432691537768338463e+00 1.287124983140564716e+01
1.602999738178572997e+00 2.904699233923373924e+00 1.311252035046798525e+01
-1.602395235055121603e+00 1.142490929759270024e+00 1.314601010309383078e+01
1.652436126160111485e+00 -7.765923433141610488e-01 1.292621384896314218e+01
-2.879891822669777834e+00 2.453262534393553018e+00 1.284752403598922577e+01
8.963355811519315708e-01 2.523257127339917361e-03 1.294447985227404629e+01
2.112249622423011175e+00 1.832830202278493026e+00 1.332232661591416090e+01
2.859865502539216564e+00 1.349312975033130080e+00 1.334355108552055391e+01
3.726665018943928764e-01 -4.764555437596027510e-01 1.271632611785339328e+01
-9.387086474390047286e-01 2.152692054816639278e+00 1.342397975154447565e+01
-2.308742729148716144e+00 -2.612597684578427337e+00 1.337893817561164056e+01
4.724138767821921547e-01 1.463852853837351198e+00 1.294520965165389548e+01
2.744922698565084751e+00 9.604978486502897539e-01 1.328115968581509776e+01
1.819716592859611737e+00 1.717110740623699172e+00 1.323749084216440863e+01
1.568987577487863661e+00 -6.416349952696380754e-01 1.281174004601843208e+01
1.534400396866434590e+00 -2.236227583807986807e+00 1.309215200338200091e+01
-6.438664878157713822e-01 -7.918748327488809302e-01 1.349850916717964999e+01
1.483535743336372725e+00 -1.398507197441489547e+00 1.262163070339965465e+01
-1.561731144151064843e+00 2.993807387086078187e+00 1.323712011935209354e+01
-1.536500145898333836e+00 9.491478779079187689e-02 1.284944066671888230e+01
1.621601400851362840e+00 6.997560397425637291e-01 1.311645621474714751e+01
2.411154094980041407e+00 -5.994274761076665570e-01 1.312125684212674237e+01
5.852091304994209153e-01 1.198757114693805192e+00 1.276669934687280339e+01
-1.906857570709943994e+00 -1.716066799836676537e+00 1.329174586099660793e+01
1.824646742822397805e+00 -1.575235695257908963e+00 1.349193380543575671e+01
-6.341246356391212480e-01 9.804329841908785426e-01 1.313054337765619195e+01
-2.651026149062298387e+00 -9.272228300538962742e-01 1.341144103007968624e+01
3.070870833308449122e+00 8.358764622519077037e-02 1.334885356004696000e+01
-2.238485957101675528e+00 -2.079894000341766969e+00 1.324375888827639081e+01
-1.827175420256995197e+00 -1.892672512702626264e+00 1.327397520092006289e+01
4.865493449934596981e-01 -2.353179903514866389e+00 1.340448774377310315e+01
1.725609898976674828e+00 1.374924469177931208e+00 1.282534878125134448e+01
-2.672746624641162416e+00 -5.511242702111975866e-01 1.262905782598560833e+01
-1.101376644154197226e+00 -1.433351187854228881e+00 1.284678136898949141e+01
-2.756776382207926979e+00 1.288372320887185118e+00 1.311396635636439711e+01
2.178455780045958079e-01 -2.004707391505495373e+00 1.279455976235166759e+01
-1.902707067392215068e+00 1.690283093428181616e+00 1.286514833513026801e+01
-6.087300269255577767e-01 2.919599908775412089e-01 1.263612027572477103e+01
3.296528996071739215e-01 2.618140046547834388e-01 1.265637452478654446e+01
9.978572034757009490e-01 -1.759754294883191461e+00 1.313795484120117152e+01
-2.851992717247541886e+00 -1.251123330651266130e+00 1.276816793252997684e+01
7.585306467259931296e-01 -3.804524061888323594e-01 1.309333953536409290e+01
-3.010110892878933964e+00 2.242342806795183385e-01 1.308066874219821685e+01
4.830712856275334310e-01 3.034408449253872320e+00 1.328138188957659516e+01
8.844163762480938829e-01 2.020827765517323016e+00 1.290043006867566611e+01
1.720402041735249021e+00 1.046436820387147471e+00 1.308665936393798823e+01
-1.778443145361956246e+00 -2.971004085503751835e+00 1.263649377332674106e+01
2.836023756715639443e+00 -2.972213765064139590e+00 1.305936619908027119e+01
-2.707409897194620108e+00 2.140542033700710611e+00 1.273027486765188065e+01
2.986789595884232540e+00 2.645771669894698697e+00 1.287187263002041071e+01
1.265914331715968011e+00 2.055440478971122253e+00 1.321022392251219379e+01
6.681037448224040887e-01 -1.438223967597136443e-01 1.343515621585834374e+01
1.077376366480624625e-01 -4.383710949650621025e-01 1.261087557978568441e+01
4.662201819888474041e-01 2.146595891506467346e+00 1.349675984068132806e+01
-1.259204077076662598e+00 -1.169705080107106276e+00 1.342988716445067965e+01
5.883423632382376312e-01 2.879610124080498323e-01 1.265487354984252910e+01
8.480882924781694143e-01 4.737469359015005210e-01 1.304955659493414011e+01
-2.367125497502534870e+00 -7.799741113019353911e-01 1.267915270183630483e+01
-2.234103503302380389e-01 1.813042603315405010e+00 1.318309639621866403e+01
-8.867664553789067483e-01 -4.073119484542120361e-02 1.314820489400905146e+01
4.453115157452884887e-01 2.549756501540157316e+00 1.292736430932212599e+01
-9.493125406759777007e-01 1.396649717445570538e+00 1.325941377599719750e+01
-1.369068708499035614e+00 -2.136903276335647917e+00 1.339403387940306800e+01
-1.532508932890323639e+00 -5.104243101230006019e-01 1.335154111934798848e+01
3.398472431134282878e-01 -1.658644170902885406e-01 1.311099053313779272e+01
-2.744500156992096151e+00 -1.970637497510512759e+00 1.268483874540606671e+01
-1.020391748733721737e+00 1.122945406691499670e+00 1.304622449457424338e+01
1.915765713564509198e+00 -1.851726275004094369e+00 1.346444171319761018e+01
-1.820320284478152306e+00 -1.719520874368778207e+00 1.260076497595584044e+01
-2.732420891928211582e+00 -2.215703687859572391e+00 1.295060484783210697e+01
-2.843083840234051252e+00 -8.916149168138307601e-01 1.260513176528975876e+01
-2.948363429528507496e+00 2.597006742762049569e+00 1.310153060845081185e+01
1.422742851480842674e-01 2.175234981360890885e+00 1.314307105039317847e+01
2.842349130608234020e+00 -3.058806287694192605e+00 1.298606261048129973e+01
1.891511772175447526e+00 -3.026535604844239113e+00 1.284710566625391515e+01
4.881856820743779579e-02 2.316746719273108823e+00 1.305601105605003021e+01
1.016252285997795823e+00 2.498637257110877030e+00 1.288949832693841557e+01
-1.226774122663213173e+00 -8.572983325591372328e-01 1.309515838692525769e+01
-1.257341587125351490e+00 1.017835932674983290e+00 1.337706105701326820e+01
2.000534915572373507e+00 -2.553027207724877456e+00 1.271584258960945313e+01
-2.793775049191002058e+00 -8.974471291349503943e-01 1.312833759583487669e+01
9.044129969286469617e-01 -2.441177227164720964e+00 1.303197376081909198e+01
2.982784814607590818e-01 -5.962353249427918556e-01 1.325910702209029424e+01
8.102607116862627912e-01 2.458749402096694681e+00 1.327946853294819718e+01
-2.662567119028867779e+00 -1.209343698691247582e-01 1.278242746822145470e+01
6.713644922671884174e-01 3.190381685662040390e-01 1.268986753096466202e+01
2.719505431392219563e+00 -2.880359579533577907e-01 1.310460315023523670e+01
-1.099495650228985433e+00 1.624256547781673277e+00 1.336019289747798489e+01
-2.936436515662158797e+00 3.136266904331876937e-01 1.325403969652911051e+01
-9.175938914778649647e-01 2.854572927725545384e+00 1.338018308222367558e+01
1.038489798659720798e+00 3.086534447295300687e+00 1.283160693568419042e+01
-1.339059559368412478e+00 6.537338807167563104e-01 1.293418304822295184e+01
2.749017987753367365e+00 -7.321979213197282732e-01 1.265147973647250623e+01
1.137901406643073265e+00 7.976333661632528660e-02 1.332867410328248248e+01
2.561177555044835685e-01 1.706059522394893335e+00 1.267284447208984233e+01
1.898303702087754452e+00 -1.616265286310920368e+00 1.306437226045787980e+01
-2.847882016799825777e+00 -1.319391414570007193e+00 1.311324627154625944e+01
2.530715338813060988e+00 -3.446717089940483092e-01 1.314999205402487270e+01
7.355366331820318848e-01 6.289894785791902976e-01 1.294290380143236519e+01
9.377171773525416754e-01 -3.647016043404809338e-01 1.262567634282777895e+01
7.600712410902876748e-01 -2.057859978584604121e-01 1.341235325473216911e+01
2.354499244133545055e+00 -1.741950230898045016e+00 1.263832758700291414e+01
-2.879832889494833736e+00 -2.642478304046953497e-01 1.343355938608091371e+01
7.225304650410988572e-01 -6.263178854459026113e-01 1.317875154029471929e+01
2.521023706421098964e+00 -2.805880858050004978e+00 1.276015817922061579e+01
-1.063333197535234920e+00 1.825721042674281591e+00 1.277286523608668034e+01
1.954712402764779533e+00 -2.301067646111119913e+00 1.331518446890991925e+01
2.161567828769819677e+00 2.506622716021390751e+00 1.337214545578213354e+01
-9.680035188139797242e-01 -3.485845003383363228e-01 1.273731328122275208e+01
-2.032076623262030424e+00 3.055911263967836078e+00 1.324827158453367204e+01
-1.712807004571161862e-01 2.436005282992637078e-02 1.266790536105353482e+01
5.566710555971710050e-02 -8.287670881738247175e-01 1.275504207391279898e+01
2.412466115047707582e+00 -2.763614917087438450e+00 1.309587947731769653e+01
-9.639686656126564834e-01 -5.605758343370688124e-01 1.295087063030314845e+01
-2.344639518216811602e+00 4.891507577023732622e-01 1.342529963163292273e+01
-9.329164269844572033e-01 1.596317849462290717e+00 1.341833368725618847e+01
-1.225256658601347581e+00 -2.356680992843244837e+00 1.266717990623779322e+01
-1.716712698588807262e+00 2.967898989158404888e+00 1.301723458564095104e+01
-2.481787763636317923e+00 -1.638557587750327782e+00 1.338354420496433939e+01
-1.663400348203412538e+00 -9.531687733634219839e-01 1.325888497129653665e+01
-2.346984652648100411e+00 -2.454100927646871710e-01 1.323440478526641861e+01
-1.454951258963425920e+00 -2.456565365600465345e+00 1.291369736271188629e+01
2.262180105990717394e+00 1.683812814436618233e+00 1.266741725160729537e+01
2.983309713789639162e+00 -3.788925681445034499e-01 1.265117776368683167e+01
-2.259499335631272032e+00 -9.983214742743831138e-01 1.262476905663747928e+01
1.991959532612307626e+00 6.161308489315535653e-01 1.303593120015315776e+01
2.622883773678945651e-01 -2.565270184032086398e+00 1.326801900594024097e+01
2.648518928261553995e-01 -2.104283265996446772e+00 1.318584693857031631e+01
2.228282573136015188e+00 -4.122875534451519997e-01 1.322006884972094198e+01
-1.714513248621912567e+00 1.714872499845048637e+00 1.278558542068339143e+01
2.423094332760794778e+00 -1.014043184297371614e+00 1.327524670016937414e+01
-2.355432130906589983e+00 -1.668295630580274747e+00 1.275837516905653324e+01
2.669484499897678553e+00 2.022440035363390010e+00 1.343155284819343187e+01
-2.796673030360144363e+00 1.406424366568712614e+00 1.281171216418584002e+01
2.160479865833517366e+00 2.196494687674714896e+00 1.280858227879362232e+01
7.808682304170262434e-01 -2.105410691515791299e+00 1.346380774627801813e+01
-6.995619535936183908e-01 -4.108205912654070424e-01 1.271926989335521263e+01
3.618457686337399615e-01 1.900450377612195041e+00 1.345510429531828933e+01
2.526095902480464339e+00 -7.657614047252510048e-01 1.324429972425124902e+01
-1.249233085457975179e+00 2.386380218597840219e+00 1.268943134398808503e+01
-1.001723957691532441e+00 -2.230658367551711763e+00 1.301359841727892075e+01
2.268320687290589888e+00 -8.440059812583866616e-01 1.320491835769813349e+01
3.045626315465968403e+00 -1.866245810113322579e+00 1.337217766235933780e+01
5.201953566938986029e-01 1.151413107369073430e+00 1.282888001580214521e+01
1.959304597954772298e+00 8.888568572769157683e-01 1.295296384918440147e+01
3.134929383364206679e-01 1.895625025201659319e-01 1.280720015792859989e+01
-2.956358366206903288e+00 -8.753724120413863830e-01 1.349998749418028687e+01
3.106793008376775411e+00 -4.120572526376791167e-01 1.338644664081279423e+01
1.576945356096288720e+00 -2.687093445814233483e+00 1.311971069265706547e+01
2.167574661129405555e-01 1.437349017580910271e+00 1.324811368425111091e+01
2.081861738515578431e+00 -6.772727096476938158e-02 1.346190132040431386e+01
1.717005114065269566e+00 1.518804256655878149e+00 1.284746047159712390e+01
-1.654508178848658861e+00 -1.411491787169757650e+00 1.280002413065461830e+01
-1.178527966337025168e+00 8.868549717719096392e-01 1.326656676757849951e+01
-6.229536964145752087e-01 1.256797256404084351e+00 1.289362256184665867e+01
7.754303308733647704e-01 2.865135607064198453e+00 1.281608835074264618e+01
-3.133012208861787329e-01 -2.466897109928557708e+00 1.261463601179197269e+01
-7.913114213366507776e-01 -2.686066027323299910e+00 1.341821188149763877e+01
2.816141226132065079e+00 3.010629340578785396e-01 1.319378610784776207e+01
1.375097346162856837e+00 -7.413580767887997247e-01 1.314864510267643816e+01
2.392525542098388414e+00 -5.323578302255005390e-01 1.280234869727778246e+01
1.134438601782858491e+00 5.054606079091281678e-01 1.324691841856515317e+01
2.180827802636932766e+00 8.337449769753186857e-01 1.299666419577673260e+01
-1.281429705504621985e+00 -1.845520721766846561e+00 1.337002567336865155e+01
2.431380814630367482e+00 -1.312968926871326936e+00 1.295901026449264748e+01
-1.217273810166105141e+00 -4.875890005860030740e-01 1.279833847235532396e+01
1.543793567315124626e+00 -9.558495089943281897e-01 1.321723091062425937e+01
-1.611223644879675287e+00 -2.107515318651709713e+00 1.293565272011993628e+01
1.492373382334016618e+00 -8.671196150313327244e-01 1.266806076598626696e+01
2.874271535705275937e+00 -7.496528202151613307e-01 1.323035438282699516e+01
3.982413410239882268e-01 2.411423517261679805e+00 1.346023484492855538e+01
9.458687361829891671e-01 -8.067336205379027625e-01 1.297210813035479404e+01
-2.402834099225938047e+00 3.020111777144704135e+00 1.295855815812018541e+01
5.168619966297760548e-01 2.986379082013534969e+00 1.334687181684818746e+01
-2.954597395656203496e+00 -1.934829803791204839e-01 1.270074150430345838e+01
2.611090946108824973e+00 -5.318555688528334713e-01 1.327000786492635953e+01
9.140680333348072395e-01 2.584699346391192698e+00 1.275188886917632125e+01
-8.065790352607478120e-01 1.012604776080067381e+00 1.276121869229393724e+01
2.984685701360323407e-01 1.529744588409283068e+00 1.274775729466683671e+01
2.393113307171890192e-01 2.603613235224548461e+00 1.344149998715198002e+01
-1.678523720592921764e+00 -2.793073936128027235e+00 1.271329958696018281e+01
2.170844295977799376e+00 1.371574912193720408e-01 1.288164726470659005e+01
1.231479661886321075e+00 2.716479428058684142e+00 1.291678316837876572e+01
-1.706876687022565564e+00 -1.563480306632033967e+00 1.271293262027800530e+01
-2.949741383969245678e+00 9.274917142018033189e-01 1.282975774860760687e+01
-2.046822775937554795e+00 -2.338271892278981579e+00 1.274894747159842190e+01
1.999936798436711349e+00 2.924564544874031391e+00 1.281862536756071691e+01
-3.179427948915005686e-01 1.883067212788609446e-01 1.347657715275783019e+01
-2.362757308092736430e+00 2.946999707702533833e+00 1.336556770234603242e+01
-1.174467521931285230e+00 -4.283819206897914178e-01 1.340291515381039034e+01
4.983831703749341813e-01 -7.829102573201143223e-01 1.316368275386269104e+01
-1.230737861091923069e+00 2.678100599991576125e+00 1.329677729768095062e+01
7.595072527403088358e-01 1.313884364939720939e+00 1.317118675114645221e+01
1.584111203606298979e+00 -8.559363664346073541e-01 1.275281746163677710e+01
-3.021633672918428992e-01 1.167198708913645966e+00 1.289595327069988429e+01
6.893667992510272846e-01 -7.803498474396834972e-01 1.319904476676313543e+01
2.915454442837877025e-01 1.794646938840984696e-01 1.315272788719870256e+01
7.092897501041672825e-01 3.095080486445509926e+00 1.329958967150616367e+01
6.657622519326276134e-01 -2.086140495992430122e+00 1.289547718097835372e+01
-7.362063269619980588e-01 3.066599482098942175e+00 1.315849616958159096e+01
-2.877386249293312215e+00 -1.567306026663120910e+00 1.275902296813541881e+01
9.709890204753373055e-01 -1.602354497614102202e+00 1.305451082746838942e+01
3.054190590464924249e+00 1.285632531845366522e+00 1.318809748426777517e+01
-5.473875372523009375e-01 1.401024631040479029e+00 1.323674699634427832e+01
-1.508088389207258961e+00 -2.895747860242030125e+00 1.279662709692163247e+01
1.502528636336871060e+00 2.806452424418097280e+00 1.340625067850712071e+01
-6.738203621714013991e-01 2.450283579761554975e+00 1.275748219818017049e+01
1.788023494864519947e+00 -9.153488442017576610e-01 1.297305158270646608e+01
1.585210057101904546e-01 -8.376182007971459953e-01 1.345322327397084550e+01
2.590699939604754753e+00 -2.301207286034470556e+00 1.276616363705158008e+01
-2.734071260716615104e+00 -2.255408247562456392e+00 1.329925385996327947e+01
-2.292580634003319240e+00 1.104114562769516361e+00 1.338548506862016296e+01
-3.086366446740989034e+00 1.028882987433217266e+00 1.330533692376670274e+01
2.683756350114529177e+00 -7.379310435722006289e-01 1.332599356706316840e+01
1.098984888959784634e+00 -6.383727054062457995e-01 1.291948819932686199e+01
-1.333673224488653775e+00 1.072736137418643487e+00 1.332047518553159193e+01
-2.788704842105649284e+00 7.613140933976501046e-01 1.262821886670979765e+01
-2.120083062062803059e+00 2.268890592827063735e+00 1.344870987339920099e+01
7.562435545535084458e-01 7.067837615002554585e-01 1.270549827369281815e+01
-6.618018398992213669e-01 2.693884572439740666e+00 1.308942541015930949e+01
-2.057940016127572935e+00 2.004313894161319887e+00 1.264344978311706846e+01
1.611152188761974635e+00 2.098082979256921554e+00 1.323875882442159302e+01
1.168853516529710923e+00 -2.629371370060402668e-01 1.325118485967933601e+01
1.120323666658243233e+00 -1.004490641550500829e+00 1.308597761309586538e+01
2.625980331311164484e+00 2.887520938324406039e-01 1.279854223558086979e+01
-2.504237439106231200e+00 4.943494649134310137e-01 1.335329238184285217e+01
-2.075557267200493161e+00 1.518308048739450911e+00 1.346917291153150131e+01
2.792861260027091674e+00 3.023007214591748593e+00 1.309391499580559248e+01
-1.447624008179095201e+00 3.194736097225172600e-01 1.318546828336829790e+01
-8.709024334087103192e-01 1.517992765799760058e+00 1.316436492894962385e+01
-1.906810783611225579e+00 -1.222445179827978956e+00 1.283222230783239581e+01
-1.956179469263558790e+00 2.063420935762861674e+00 1.315378863601589821e+01
4.183576139876818978e-01 -2.279562457178189838e+00 1.296684374092666125e+01
-2.446808276145681749e+00 -1.529155339542406233e+00 1.297646772926026770e+01
-1.536166795309102495e+00 4.789566308738724132e-01 1.349049766661597616e+01
2.299472850803027768e+00 2.092364236091611041e+00 1.300461029109984779e+01
2.632349743761614569e+00 3.132106012094723724e+00 1.287540313730191777e+01
2.658792095470785100e+00 -1.491665201919674777e+00 1.333766763691264501e+01
1.986651304898041204e+00 1.774463507060302980e+00 1.324730583041751153e+01
-1.524885873695984051e+00 -3.390013542838135052e-01 1.300125878375534683e+01
7.197672417971996417e-01 -2.377824890611900166e+00 1.327882538928503386e+01
-7.381842787100665326e-01 2.219958073202392690e+00 1.261363350697813956e+01
6.042656856839836443e-01 -1.705915254126185499e+00 1.282171867981486457e+01
3.478923025226938748e-01 2.463808304088991541e+00 1.313720867441351281e+01
-2.497307971303167839e+00 -8.538063524054617659e-02 1.273365437233421460e+01
3.115734052606939919e-01 6.686328729782777813e-01 1.310407403063055831e+01
3.709834411025645373e-01 8.052372794207260931e-01 1.316264899680144218e+01
1.524034613640556479e+00 2.660482460100193514e+00 1.279942374558042850e+01
1.557171366989098082e+00 1.493380975418466150e+00 1.292090357019085545e+01
6.764995947974967727e-01 -9.316887613145765634e-01 1.316496485550118045e+01
-2.112557923054714237e-01 1.804136584161669887e+00 1.260246541186985958e+01
-5.400205051348221374e-01 2.233360854271209561e+00 1.297591718719939990e+01
2.805184807287560922e+00 -2.840158808076751917e+00 1.345827803077729889e+01
-3.030180571063493922e+00 5.470939677265995726e-02 1.317845270584257733e+01
-2.981029977493414140e+00 1.358041860075112517e+00 1.282060127082324463e+01
-2.012951524029284123e+00 2.342786173628579327e-01 1.349886526687501842e+01
-1.958394640136517761e+00 1.139953375257267254e+00 1.268223531050705333e+01
-1.041059394298917695e+00 1.761877554864672568e-01 1.283507807249436894e+01
2.700594491742804415e+00 -2.218634076539546918e+00 1.272942460218243710e+01
-2.610706542076318470e+00 -2.361967131323215341e+00 1.345779065529407248e+01
-1.906663876870942742e+00 2.736384534407948266e+00 1.306197549811373371e+01
-2.708838242863097268e+00 2.384276964435958490e-01 1.288902176754469053e+01
3.083079471933899640e+00 -2.721275371535571974e+00 1.260374051124521699e+01
-1.317596076879703038e+00 9.694881987749175423e-01 1.340811888950841180e+01
1.308648954861205027e+00 1.341442239658886315e+00 1.329099655054258022e+01
-2.321670017106154393e+00 -2.591866029259680460e+00 1.332819323827451719e+01
7.593449472879036932e-01 -2.356836772505618072e+00 1.301516530475173461e+01
3.845729300098956749e-01 -1.473412076067399878e+00 1.336052045675986832e+01
-1.638300295975253729e+00 -9.143191730144373253e-01 1.261004167151622823e+01
1.884384865271568010e+00 2.959138578933456998e+00 1.340754396756838140e+01
-4.095192015452897571e-01 1.166838239472477667e+00 1.347587828529198006e+01
4.090404584014866174e-01 -4.092025236306402469e-01 1.285155595174926191e+01
-7.339872807693086365e-01 1.459215401793851896e+00 1.269851818821568123e+01
-2.039414879195434072e+00 2.842511402640035989e+00 1.305319710156303792e+01
1.070928651114946284e+00 4.709371921923999338e-02 1.285832308038273553e+01
-1.948148746854112323e+00 -2.443521576487778457e+00 1.316227274261100177e+01
-3.062912003379173687e+00 -2.197040301589703315e+00 1.288592547790212528e+01
-1.885303049947637755e+00 3.043970012592976282e+00 1.262046999204315689e+01
-5.113051273809410269e-01 -5.065664225856560954e-01 1.274443634046609475e+01
1.433822173586612791e+00 -2.346617401061227071e+00 1.296590854848446739e+01
-9.063598950501168261e-01 3.641137259444047203e-01 1.323529223585140890e+01
4.550775771207091758e-01 2.131391607656467180e+00 1.290652453016128298e+01
1.179765908127938800e+00 2.033161956852167052e+00 1.304726223763366555e+01
-1.261761710061997110e+00 -1.754903165777602636e+00 1.338156588924145041e+01
1.783628632743310405e+00 -1.689445694562263345e+00 1.338748571767878381e+01
-3.019758616280947550e-01 2.005607357829691573e+00 1.291842297896631386e+01
1.119144618040832206e+00 -1.739011543865023102e+00 1.324522997860820972e+01
-8.570156818030700840e-01 2.417960226544278335e+00 1.267231142636189212e+01
5.097407110573133338e-01 -1.962368722602739757e+00 1.297536142967099515e+01
-2.912658306279720222e+00 1.696769821864464234e+00 1.308561756605499937e+01
-1.468694755497400806e+00 2.317757514017288578e+00 1.331277406086142179e+01
-2.666660201239597683e+00 1.298758925586172452e+00 1.340092063334078354e+01
-8.283514911016784943e-01 -1.211375417470693439e+00 1.302040334417469758e+01
-1.706219525820756200e+00 -5.114259083318684063e-02 1.349246229942450448e+01
2.022550205235362775e+00 -1.569564271572670755e+00 1.315026983182279530e+01
1.500977767857730072e+00 -1.575332513207236884e+00 1.291703086089334107e+01
2.771750057506346288e+00 -2.609521563455423632e-01 1.319034809657293295e+01
-2.110394633294077060e+00 -4.161437291112322079e-01 1.260615972916335004e+01
2.583356628119528153e+00 -2.352610239113417823e+00 1.292284310353049825e+01
-2.469982218390118334e+00 1.621489298497352571e+00 1.329308777282038889e+01
1.744544287933602611e+00 -3.699050262314154125e-01 1.328646332086192849e+01
-1.548446363427685490e+00 2.857074995582550514e+00 1.260219853242626087e+01
2.565651641413901451e+00 1.465421812455400818e-01 1.330748110466658574e+01
-9.696937456193062133e-01 -1.989540145195385801e+00 1.288411381430833558e+01
-1.533159430109363841e+00 1.555625685805361869e-02 1.313083612851007764e+01
-1.666571596133168187e+00 -7.007698826172834572e-01 1.308860078133773541e+01
2.941274908617145023e+00 -1.807869389038183838e+00 1.262458557660240643e+01
-5.996951464315292135e-01 8.844317410551107983e-01 1.268934475100604153e+01
2.697644939999139346e+00 -5.363579519273855567e-01 1.314172167222069909e+01
-1.304030017103628092e+00 -2.950943742927955693e+00 1.310132686822782233e+01
2.019957399142850996e+00 -1.189653456523108277e+00 1.261469800284638687e+01
1.803378511137423423e-01 -3.997199547463305969e-01 1.349706248427082755e+01
-1.284297136069886713e+00 -2.406631822725819436e+00 1.315455266986265137e+01
2.249994165527116508e+00 -7.478597886259126248e-01 1.329237416033772057e+01
-1.713831053977119989e+00 2.040283988204696364e+00 1.313385735735324999e+01
-4.811712064859201554e-01 1.956461585798740188e+00 1.292232915493237755e+01
-1.266611363146387781e+00 -3.231347015235774833e-01 1.293012841258735257e+01
2.266575338313739252e+00 -1.425599470378025257e+00 1.337405189230682545e+01
2.148210090395856753e-01 1.254240954167761934e+00 1.276228745616593585e+01
